1    Hippocampus_L      220  216  19   255
2    Hippocampus_R      220  216  19   255
3    Amygdala_L         102  255  255  255
4    Amygdala_R         102  255  255  255
5    Caudate_L          121  185  220  255
6    Caudate_R          121  185  220  255
7    Putamen_L          235  12   176  255
8    Putamen_R          235  12   176  255
9    Pallidum_L         12   48   255  255
10   Pallidum_R         12   48   255  255
11   Thal_AV_L          0    84   0    255
12   Thal_AV_R          0    84   0    255
13   Thal_LP_L          0    84   127  255
14   Thal_LP_R          0    84   127  255
15   Thal_VA_L          84   84   0    255
16   Thal_VA_R          84   84   0    255
17   Thal_VL_L          84   170  0    255
18   Thal_VL_R          84   170  0    255
19   Thal_VPL_L         255  0    255  255
20   Thal_VPL_R         255  0    255  255
21   Thal_IL_L          170  84   0    255
22   Thal_IL_R          170  84   0    255
23   Thal_Re_L          0    0    255  255
24   Thal_Re_R          0    0    255  255
25   Thal_MDm_L         170  170  127  255
26   Thal_MDm_R         170  170  127  255
27   Thal_MDl_L         0    170  127  255
28   Thal_MDl_R         0    170  127  255
29   Thal_LGN_L         0    0    127  255
30   Thal_LGN_R         0    0    127  255
31   Thal_MGN_L         170  255  127  255
32   Thal_MGN_R         170  255  127  255
33   Thal_PuI_L         170  170  255  255
34   Thal_PuI_R         170  170  255  255
35   Thal_PuM_L         170  255  255  255
36   Thal_PuM_R         170  255  255  255
37   Thal_PuA_L         0    170  255  255
38   Thal_PuA_R         0    170  255  255
39   Thal_PuL_L         0    255  255  255
40   Thal_PuL_R         0    255  255  255
41   N_Acc_L            255  165  0    255
42   N_Acc_R            255  165  0    255
43   VTA_L              159  31   240  255
44   VTA_R              159  31   240  255
45   SN_pc_L            0    255  127  255
46   SN_pc_R            0    255  127  255
47   SN_pr_L            0    127  255  255
48   SN_pr_R            0    127  255  255
49   Red_N_L            165  42   42   255
50   Red_N_R            165  42   42   255
51   LC_L               42   42   165  255
52   LC_R               42   42   165  255
53   Raphe_D            255  0    255  255
54   Raphe_M            255  255  0    255
55   Cbm_Left_I_IV      70   129  179  255
56   Cbm_Right_I_IV     244  244  244  255
57   Cbm_Left_V         204  62   77   255
58   Cbm_Right_V        120  18   133  255
59   Cbm_Left_VI        196  57   249  255
60   Cbm_Vermis_VI      0    147  0    255
61   Cbm_Right_VI       220  248  164  255
62   Cbm_Left_CrusI     229  147  33   255
63   Cbm_Right_CrusI    0    118  13   255
64   Cbm_Left_CrusII    121  185  220  255
65   Cbm_Vermis_CrusII  235  12   176  255
66   Cbm_Right_CrusII   12   48   255  255
67   Cbm_Left_VIIb      204  182  141  255
68   Cbm_Vermis_VIIb    42   204  164  255
69   Cbm_Right_VIIb     119  159  176  255
70   Cbm_Left_VIIIa     220  216  19   255
71   Cbm_Vermis_VIIIa   102  255  255  255
72   Cbm_Right_VIIIa    80   196  97   255
73   Cbm_Left_VIIIb     59   57   210  255
74   Cbm_Vermis_VIIIb   59   57   210  255
75   Cbm_Right_VIIIb    59   57   210  255
76   Cbm_Left_IX        59   57   210  255
77   Cbm_Vermis_IX      59   59   59   255
78   Cbm_Right_IX       255  165  0    255
79   Cbm_Left_X         255  165  0    255
80   Cbm_Vermis_X       0    255  127  255
81   Cbm_Right_X        165  42   42   255
82   R_V1_ROI           75   5    255  255
83   R_MST_ROI          51   108  132  255
84   R_V6_ROI           67   94   171  255
85   R_V2_ROI           25   53   237  255
86   R_V3_ROI           18   31   238  255
87   R_V4_ROI           19   34   223  255
88   R_V8_ROI           30   61   208  255
89   R_4_ROI            38   173  27   255
90   R_3b_ROI           39   193  21   255
91   R_FEF_ROI          135  144  146  255
92   R_PEF_ROI          165  178  169  255
93   R_55b_ROI          109  104  76   255
94   R_V3A_ROI          23   70   252  255
95   R_RSC_ROI          157  65   126  255
96   R_POS2_ROI         210  114  201  255
97   R_V7_ROI           25   91   192  255
98   R_IPS1_ROI         57   121  172  255
99   R_FFC_ROI          57   94   121  255
100  R_V3B_ROI          40   71   222  255
101  R_LO1_ROI          17   67   206  255
102  R_LO2_ROI          19   52   182  255
103  R_PIT_ROI          31   53   185  255
104  R_MT_ROI           32   93   106  255
105  R_A1_ROI           231  11   43   255
106  R_PSL_ROI          186  144  133  255
107  R_SFL_ROI          64   57   51   255
108  R_PCV_ROI          133  141  154  255
109  R_STV_ROI          144  110  108  255
110  R_7Pm_ROI          158  204  190  255
111  R_7m_ROI           48   44   48   255
112  R_POS1_ROI         94   82   107  255
113  R_23d_ROI          133  51   85   255
114  R_v23ab_ROI        29   6    19   255
115  R_d23ab_ROI        83   27   53   255
116  R_31pv_ROI         70   19   51   255
117  R_5m_ROI           46   171  49   255
118  R_5mv_ROI          140  158  128  255
119  R_23c_ROI          214  190  195  255
120  R_5L_ROI           65   159  70   255
121  R_24dd_ROI         70   159  44   255
122  R_24dv_ROI         119  153  67   255
123  R_7AL_ROI          120  190  129  255
124  R_SCEF_ROI         134  147  104  255
125  R_6ma_ROI          151  169  135  255
126  R_7Am_ROI          170  246  220  255
127  R_7PL_ROI          166  255  231  255
128  R_7PC_ROI          74   177  104  255
129  R_LIPv_ROI         64   128  174  255
130  R_VIP_ROI          58   148  148  255
131  R_MIP_ROI          128  201  197  255
132  R_1_ROI            27   193  42   255
133  R_2_ROI            57   178  70   255
134  R_3a_ROI           52   222  27   255
135  R_6d_ROI           36   160  42   255
136  R_6mp_ROI          76   159  49   255
137  R_6v_ROI           88   180  67   255
138  R_p24pr_ROI        151  144  110  255
139  R_33pr_ROI         121  93   90   255
140  R_a24pr_ROI        173  122  123  255
141  R_p32pr_ROI        171  142  128  255
142  R_a24_ROI          80   10   33   255
143  R_d32_ROI          115  40   63   255
144  R_8BM_ROI          133  80   91   255
145  R_p32_ROI          121  51   78   255
146  R_10r_ROI          26   0    6    255
147  R_47m_ROI          93   52   58   255
148  R_8Av_ROI          90   68   67   255
149  R_8Ad_ROI          63   58   46   255
150  R_9m_ROI           49   26   23   255
151  R_8BL_ROI          40   31   23   255
152  R_9p_ROI           65   51   51   255
153  R_10d_ROI          42   26   24   255
154  R_8C_ROI           121  82   91   255
155  R_44_ROI           133  94   90   255
156  R_45_ROI           82   61   56   255
157  R_47l_ROI          57   26   31   255
158  R_a47r_ROI         97   65   70   255
159  R_6r_ROI           184  198  154  255
160  R_IFJa_ROI         138  113  100  255
161  R_IFJp_ROI         131  138  127  255
162  R_IFSp_ROI         132  104  116  255
163  R_IFSa_ROI         210  197  186  255
164  R_p9-46v_ROI       153  134  134  255
165  R_46_ROI           196  197  184  255
166  R_a9-46v_ROI       174  120  148  255
167  R_9-46d_ROI        159  121  146  255
168  R_9a_ROI           70   57   58   255
169  R_10v_ROI          0    6    0    255
170  R_a10p_ROI         127  83   109  255
171  R_10pp_ROI         57   44   53   255
172  R_11l_ROI          125  94   109  255
173  R_13l_ROI          118  85   97   255
174  R_OFC_ROI          52   36   39   255
175  R_47s_ROI          69   31   34   255
176  R_LIPd_ROI         147  176  197  255
177  R_6a_ROI           127  197  144  255
178  R_i6-8_ROI         121  116  106  255
179  R_s6-8_ROI         103  88   82   255
180  R_43_ROI           148  134  65   255
181  R_OP4_ROI          100  157  43   255
182  R_OP1_ROI          93   142  34   255
183  R_OP2-3_ROI        145  118  59   255
184  R_52_ROI           201  68   56   255
185  R_RI_ROI           163  82   43   255
186  R_PFcm_ROI         172  146  88   255
187  R_PoI2_ROI         132  122  82   255
188  R_TA2_ROI          134  34   30   255
189  R_FOP4_ROI         197  146  141  255
190  R_MI_ROI           165  119  113  255
191  R_Pir_ROI          107  78   70   255
192  R_AVI_ROI          151  72   90   255
193  R_AAIC_ROI         95   39   45   255
194  R_FOP1_ROI         146  123  82   255
195  R_FOP3_ROI         184  133  107  255
196  R_FOP2_ROI         97   155  56   255
197  R_PFt_ROI          108  201  114  255
198  R_AIP_ROI          131  214  160  255
199  R_EC_ROI           56   49   39   255
200  R_PreS_ROI         102  68   95   255
201  R_ProS_ROI         97   82   176  255
202  R_PeEc_ROI         63   58   53   255
203  R_STGa_ROI         57   44   26   255
204  R_PBelt_ROI        197  20   12   255
205  R_A5_ROI           110  40   6    255
206  R_PHA1_ROI         72   59   84   255
207  R_PHA3_ROI         95   107  125  255
208  R_STSda_ROI        70   56   42   255
209  R_STSdp_ROI        95   64   53   255
210  R_STSvp_ROI        94   52   63   255
211  R_TGd_ROI          36   32   26   255
212  R_TE1a_ROI         7    6    0    255
213  R_TE1p_ROI         112  103  102  255
214  R_TE2a_ROI         70   57   57   255
215  R_TF_ROI           68   72   62   255
216  R_TE2p_ROI         108  138  127  255
217  R_PHT_ROI          206  246  212  255
218  R_PH_ROI           74   127  159  255
219  R_TPOJ1_ROI        123  94   77   255
220  R_TPOJ2_ROI        133  158  138  255
221  R_TPOJ3_ROI        102  139  142  255
222  R_DVT_ROI          122  132  197  255
223  R_PGp_ROI          151  199  221  255
224  R_IP2_ROI          189  174  177  255
225  R_IP1_ROI          131  115  128  255
226  R_IP0_ROI          108  163  210  255
227  R_PFop_ROI         163  189  129  255
228  R_PF_ROI           255  247  215  255
229  R_PFm_ROI          171  121  133  255
230  R_PGi_ROI          59   62   56   255
231  R_PGs_ROI          104  82   82   255
232  R_V6A_ROI          51   102  178  255
233  R_VMV1_ROI         58   70   172  255
234  R_VMV3_ROI         51   65   163  255
235  R_PHA2_ROI         87   95   99   255
236  R_V4t_ROI          18   93   132  255
237  R_FST_ROI          74   159  146  255
238  R_V3CD_ROI         27   70   202  255
239  R_LO3_ROI          64   102  173  255
240  R_VMV2_ROI         68   72   174  255
241  R_31pd_ROI         99   44   82   255
242  R_31a_ROI          146  97   123  255
243  R_VVC_ROI          57   67   122  255
244  R_25_ROI           34   19   12   255
245  R_s32_ROI          31   8    6    255
246  R_pOFC_ROI         100  57   70   255
247  R_PoI1_ROI         182  112  106  255
248  R_Ig_ROI           106  127  39   255
249  R_FOP5_ROI         172  94   108  255
250  R_p10p_ROI         104  71   88   255
251  R_p47r_ROI         160  112  125  255
252  R_TGv_ROI          62   63   55   255
253  R_MBelt_ROI        187  8    21   255
254  R_LBelt_ROI        211  21   30   255
255  R_A4_ROI           154  33   7    255
256  R_STSva_ROI        43   34   27   255
257  R_TE1m_ROI         91   52   59   255
258  R_PI_ROI           126  52   56   255
259  R_a32pr_ROI        158  76   106  255
260  R_p24_ROI          125  37   74   255
261  L_V1_ROI           67   8    255  255
262  L_MST_ROI          48   90   126  255
263  L_V6_ROI           48   83   167  255
264  L_V2_ROI           12   51   235  255
265  L_V3_ROI           5    32   233  255
266  L_V4_ROI           7    19   211  255
267  L_V8_ROI           18   40   190  255
268  L_4_ROI            27   172  19   255
269  L_3b_ROI           29   204  19   255
270  L_FEF_ROI          132  142  135  255
271  L_PEF_ROI          136  155  146  255
272  L_55b_ROI          58   85   48   255
273  L_V3A_ROI          1    58   247  255
274  L_RSC_ROI          150  63   122  255
275  L_POS2_ROI         185  94   185  255
276  L_V7_ROI           7    71   186  255
277  L_IPS1_ROI         45   107  164  255
278  L_FFC_ROI          57   83   118  255
279  L_V3B_ROI          19   46   201  255
280  L_LO1_ROI          0    40   184  255
281  L_LO2_ROI          7    29   182  255
282  L_PIT_ROI          26   31   172  255
283  L_MT_ROI           23   81   95   255
284  L_A1_ROI           224  21   42   255
285  L_PSL_ROI          97   71   45   255
286  L_SFL_ROI          19   48   20   255
287  L_PCV_ROI          129  133  153  255
288  L_STV_ROI          133  82   72   255
289  L_7Pm_ROI          151  184  185  255
290  L_7m_ROI           32   34   36   255
291  L_POS1_ROI         78   57   87   255
292  L_23d_ROI          109  56   81   255
293  L_v23ab_ROI        19   0    6    255
294  L_d23ab_ROI        67   27   49   255
295  L_31pv_ROI         46   17   40   255
296  L_5m_ROI           37   165  48   255
297  L_5mv_ROI          144  172  132  255
298  L_23c_ROI          206  186  190  255
299  L_5L_ROI           52   158  65   255
300  L_24dd_ROI         57   159  37   255
301  L_24dv_ROI         119  154  67   255
302  L_7AL_ROI          104  197  134  255
303  L_SCEF_ROI         99   144  82   255
304  L_6ma_ROI          139  172  133  255
305  L_7Am_ROI          176  243  223  255
306  L_7PL_ROI          172  255  237  255
307  L_7PC_ROI          61   174  108  255
308  L_LIPv_ROI         62   110  163  255
309  L_VIP_ROI          44   141  138  255
310  L_MIP_ROI          129  204  198  255
311  L_1_ROI            10   193  33   255
312  L_2_ROI            44   174  62   255
313  L_3a_ROI           44   221  20   255
314  L_6d_ROI           20   159  33   255
315  L_6mp_ROI          61   159  42   255
316  L_6v_ROI           67   171  52   255
317  L_p24pr_ROI        133  131  97   255
318  L_33pr_ROI         128  110  100  255
319  L_a24pr_ROI        159  121  118  255
320  L_p32pr_ROI        150  136  115  255
321  L_a24_ROI          64   10   19   255
322  L_d32_ROI          90   40   45   255
323  L_8BM_ROI          108  81   82   255
324  L_p32_ROI          93   31   51   255
325  L_10r_ROI          19   5    0    255
326  L_47m_ROI          99   82   76   255
327  L_8Av_ROI          55   57   45   255
328  L_8Ad_ROI          61   61   45   255
329  L_9m_ROI           36   38   20   255
330  L_8BL_ROI          23   37   18   255
331  L_9p_ROI           36   40   27   255
332  L_10d_ROI          31   33   26   255
333  L_8C_ROI           97   78   82   255
334  L_44_ROI           70   82   56   255
335  L_45_ROI           44   63   40   255
336  L_47l_ROI          38   49   30   255
337  L_a47r_ROI         81   72   69   255
338  L_6r_ROI           172  204  146  255
339  L_IFJa_ROI         114  107  91   255
340  L_IFJp_ROI         127  140  121  255
341  L_IFSp_ROI         100  96   91   255
342  L_IFSa_ROI         184  187  173  255
343  L_p9-46v_ROI       139  144  134  255
344  L_46_ROI           201  210  196  255
345  L_a9-46v_ROI       139  108  129  255
346  L_9-46d_ROI        128  110  126  255
347  L_9a_ROI           45   53   45   255
348  L_10v_ROI          2    31   10   255
349  L_a10p_ROI         91   67   82   255
350  L_10pp_ROI         53   51   56   255
351  L_11l_ROI          128  106  119  255
352  L_13l_ROI          87   62   72   255
353  L_OFC_ROI          39   38   33   255
354  L_47s_ROI          61   37   33   255
355  L_LIPd_ROI         154  172  202  255
356  L_6a_ROI           121  191  134  255
357  L_i6-8_ROI         96   100  89   255
358  L_s6-8_ROI         93   89   75   255
359  L_43_ROI           133  135  59   255
360  L_OP4_ROI          96   150  42   255
361  L_OP1_ROI          94   153  37   255
362  L_OP2-3_ROI        133  119  49   255
363  L_52_ROI           208  75   59   255
364  L_RI_ROI           165  69   24   255
365  L_PFcm_ROI         177  145  89   255
366  L_PoI2_ROI         121  126  81   255
367  L_TA2_ROI          125  39   21   255
368  L_FOP4_ROI         169  136  121  255
369  L_MI_ROI           147  109  103  255
370  L_Pir_ROI          90   70   64   255
371  L_AVI_ROI          133  70   82   255
372  L_AAIC_ROI         83   32   39   255
373  L_FOP1_ROI         141  144  77   255
374  L_FOP3_ROI         172  133  99   255
375  L_FOP2_ROI         96   155  57   255
376  L_PFt_ROI          134  223  140  255
377  L_AIP_ROI          136  218  164  255
378  L_EC_ROI           45   49   38   255
379  L_PreS_ROI         95   59   88   255
380  L_ProS_ROI         91   70   174  255
381  L_PeEc_ROI         61   64   57   255
382  L_STGa_ROI         45   44   23   255
383  L_PBelt_ROI        186  25   6    255
384  L_A5_ROI           89   44   8    255
385  L_PHA1_ROI         70   52   82   255
386  L_PHA3_ROI         106  103  122  255
387  L_STSda_ROI        62   52   33   255
388  L_STSdp_ROI        57   57   33   255
389  L_STSvp_ROI        63   52   51   255
390  L_TGd_ROI          27   36   23   255
391  L_TE1a_ROI         2    14   0    255
392  L_TE1p_ROI         103  99   95   255
393  L_TE2a_ROI         68   63   58   255
394  L_TF_ROI           59   70   56   255
395  L_TE2p_ROI         113  140  127  255
396  L_PHT_ROI          233  249  227  255
397  L_PH_ROI           82   120  159  255
398  L_TPOJ1_ROI        118  91   69   255
399  L_TPOJ2_ROI        151  153  138  255
400  L_TPOJ3_ROI        118  134  146  255
401  L_DVT_ROI          113  121  192  255
402  L_PGp_ROI          160  186  229  255
403  L_IP2_ROI          184  165  179  255
404  L_IP1_ROI          121  121  134  255
405  L_IP0_ROI          113  153  205  255
406  L_PFop_ROI         174  201  139  255
407  L_PF_ROI           255  248  223  255
408  L_PFm_ROI          136  102  114  255
409  L_PGi_ROI          51   63   51   255
410  L_PGs_ROI          68   70   58   255
411  L_V6A_ROI          27   91   165  255
412  L_VMV1_ROI         59   62   176  255
413  L_VMV3_ROI         48   57   165  255
414  L_PHA2_ROI         90   83   89   255
415  L_V4t_ROI          10   75   128  255
416  L_FST_ROI          82   147  148  255
417  L_V3CD_ROI         14   45   179  255
418  L_LO3_ROI          52   89   170  255
419  L_VMV2_ROI         69   59   169  255
420  L_31pd_ROI         55   32   55   255
421  L_31a_ROI          145  100  123  255
422  L_VVC_ROI          51   57   122  255
423  L_25_ROI           30   23   8    255
424  L_s32_ROI          44   33   19   255
425  L_pOFC_ROI         82   57   65   255
426  L_PoI1_ROI         169  114  102  255
427  L_Ig_ROI           91   138  36   255
428  L_FOP5_ROI         151  95   102  255
429  L_p10p_ROI         93   63   82   255
430  L_p47r_ROI         133  118  115  255
431  L_TGv_ROI          37   52   40   255
432  L_MBelt_ROI        182  19   18   255
433  L_LBelt_ROI        229  19   26   255
434  L_A4_ROI           146  36   4    255
435  L_STSva_ROI        24   31   18   255
436  L_TE1m_ROI         67   46   48   255
437  L_PI_ROI           121  52   49   255
438  L_a32pr_ROI        127  65   84   255
439  L_p24_ROI          118  37   70   255
