1    R_V1_ROI      0.298  0.020  1.000
2    R_MST_ROI     0.204  0.424  0.518
3    R_V6_ROI      0.263  0.369  0.671
4    R_V2_ROI      0.102  0.212  0.937
5    R_V3_ROI      0.071  0.125  0.941
6    R_V4_ROI      0.078  0.141  0.875
7    R_V8_ROI      0.118  0.243  0.816
8    R_4_ROI       0.153  0.686  0.110
9    R_3b_ROI      0.157  0.761  0.090
10   R_FEF_ROI     0.537  0.565  0.580
11   R_PEF_ROI     0.651  0.702  0.663
12   R_55b_ROI     0.435  0.412  0.302
13   R_V3A_ROI     0.094  0.275  0.992
14   R_RSC_ROI     0.616  0.259  0.498
15   R_POS2_ROI    0.824  0.451  0.792
16   R_V7_ROI      0.102  0.361  0.757
17   R_IPS1_ROI    0.224  0.482  0.675
18   R_FFC_ROI     0.224  0.369  0.475
19   R_V3B_ROI     0.161  0.286  0.871
20   R_LO1_ROI     0.067  0.263  0.812
21   R_LO2_ROI     0.082  0.208  0.714
22   R_PIT_ROI     0.129  0.212  0.733
23   R_MT_ROI      0.133  0.365  0.416
24   R_A1_ROI      0.910  0.047  0.169
25   R_PSL_ROI     0.737  0.565  0.529
26   R_SFL_ROI     0.255  0.224  0.200
27   R_PCV_ROI     0.522  0.557  0.608
28   R_STV_ROI     0.565  0.439  0.424
29   R_7Pm_ROI     0.620  0.804  0.749
30   R_7m_ROI      0.192  0.180  0.192
31   R_POS1_ROI    0.369  0.322  0.420
32   R_23d_ROI     0.525  0.204  0.341
33   R_v23ab_ROI   0.114  0.024  0.078
34   R_d23ab_ROI   0.333  0.110  0.212
35   R_31pv_ROI    0.275  0.078  0.204
36   R_5m_ROI      0.188  0.671  0.196
37   R_5mv_ROI     0.553  0.620  0.506
38   R_23c_ROI     0.843  0.749  0.765
39   R_5L_ROI      0.259  0.627  0.282
40   R_24dd_ROI    0.282  0.627  0.176
41   R_24dv_ROI    0.467  0.604  0.263
42   R_7AL_ROI     0.471  0.749  0.510
43   R_SCEF_ROI    0.533  0.584  0.412
44   R_6ma_ROI     0.596  0.663  0.537
45   R_7Am_ROI     0.667  0.965  0.863
46   R_7PL_ROI     0.655  1.000  0.910
47   R_7PC_ROI     0.294  0.698  0.412
48   R_LIPv_ROI    0.255  0.506  0.690
49   R_VIP_ROI     0.235  0.588  0.588
50   R_MIP_ROI     0.506  0.792  0.773
51   R_1_ROI       0.110  0.761  0.165
52   R_2_ROI       0.227  0.702  0.282
53   R_3a_ROI      0.208  0.871  0.110
54   R_6d_ROI      0.145  0.635  0.165
55   R_6mp_ROI     0.302  0.624  0.196
56   R_6v_ROI      0.349  0.710  0.263
57   R_p24pr_ROI   0.596  0.565  0.439
58   R_33pr_ROI    0.475  0.365  0.357
59   R_a24pr_ROI   0.686  0.486  0.490
60   R_p32pr_ROI   0.671  0.561  0.506
61   R_a24_ROI     0.314  0.043  0.137
62   R_d32_ROI     0.455  0.161  0.251
63   R_8BM_ROI     0.522  0.314  0.361
64   R_p32_ROI     0.475  0.200  0.310
65   R_10r_ROI     0.106  0.000  0.024
66   R_47m_ROI     0.365  0.208  0.235
67   R_8Av_ROI     0.357  0.267  0.263
68   R_8Ad_ROI     0.251  0.235  0.188
69   R_9m_ROI      0.196  0.106  0.094
70   R_8BL_ROI     0.161  0.125  0.094
71   R_9p_ROI      0.259  0.200  0.200
72   R_10d_ROI     0.165  0.106  0.098
73   R_8C_ROI      0.482  0.329  0.361
74   R_44_ROI      0.529  0.369  0.357
75   R_45_ROI      0.325  0.243  0.220
76   R_47l_ROI     0.227  0.106  0.122
77   R_a47r_ROI    0.388  0.259  0.282
78   R_6r_ROI      0.729  0.784  0.608
79   R_IFJa_ROI    0.545  0.447  0.396
80   R_IFJp_ROI    0.514  0.545  0.502
81   R_IFSp_ROI    0.518  0.412  0.459
82   R_IFSa_ROI    0.827  0.776  0.737
83   R_p9-46v_ROI  0.600  0.533  0.533
84   R_46_ROI      0.769  0.780  0.729
85   R_a9-46v_ROI  0.690  0.471  0.588
86   R_9-46d_ROI   0.631  0.482  0.573
87   R_9a_ROI      0.278  0.224  0.235
88   R_10v_ROI     0.000  0.031  0.004
89   R_a10p_ROI    0.502  0.333  0.435
90   R_10pp_ROI    0.231  0.173  0.212
91   R_11l_ROI     0.494  0.369  0.435
92   R_13l_ROI     0.463  0.341  0.388
93   R_OFC_ROI     0.208  0.145  0.157
94   R_47s_ROI     0.271  0.125  0.141
95   R_LIPd_ROI    0.584  0.694  0.773
96   R_6a_ROI      0.502  0.773  0.565
97   R_i6-8_ROI    0.482  0.459  0.416
98   R_s6-8_ROI    0.408  0.349  0.322
99   R_43_ROI      0.588  0.533  0.259
100  R_OP4_ROI     0.396  0.616  0.169
101  R_OP1_ROI     0.365  0.561  0.141
102  R_OP2-3_ROI   0.569  0.463  0.239
103  R_52_ROI      0.792  0.267  0.220
104  R_RI_ROI      0.643  0.329  0.169
105  R_PFcm_ROI    0.675  0.573  0.349
106  R_PoI2_ROI    0.518  0.486  0.325
107  R_TA2_ROI     0.533  0.141  0.118
108  R_FOP4_ROI    0.780  0.580  0.557
109  R_MI_ROI      0.651  0.467  0.447
110  R_Pir_ROI     0.420  0.310  0.282
111  R_AVI_ROI     0.596  0.290  0.357
112  R_AAIC_ROI    0.380  0.157  0.184
113  R_FOP1_ROI    0.580  0.490  0.322
114  R_FOP3_ROI    0.725  0.522  0.420
115  R_FOP2_ROI    0.388  0.612  0.220
116  R_PFt_ROI     0.424  0.792  0.451
117  R_AIP_ROI     0.514  0.843  0.635
118  R_EC_ROI      0.220  0.196  0.157
119  R_PreS_ROI    0.404  0.267  0.380
120  R_H_ROI       0.259  0.247  0.180
121  R_ProS_ROI    0.388  0.325  0.694
122  R_PeEc_ROI    0.251  0.235  0.212
123  R_STGa_ROI    0.227  0.176  0.106
124  R_PBelt_ROI   0.773  0.086  0.051
125  R_A5_ROI      0.439  0.161  0.024
126  R_PHA1_ROI    0.290  0.239  0.337
127  R_PHA3_ROI    0.373  0.420  0.494
128  R_STSda_ROI   0.282  0.220  0.165
129  R_STSdp_ROI   0.376  0.255  0.212
130  R_STSvp_ROI   0.369  0.208  0.251
131  R_TGd_ROI     0.145  0.133  0.106
132  R_TE1a_ROI    0.035  0.027  0.000
133  R_TE1p_ROI    0.443  0.408  0.404
134  R_TE2a_ROI    0.282  0.224  0.224
135  R_TF_ROI      0.267  0.290  0.247
136  R_TE2p_ROI    0.427  0.545  0.502
137  R_PHT_ROI     0.812  0.965  0.839
138  R_PH_ROI      0.294  0.502  0.631
139  R_TPOJ1_ROI   0.490  0.369  0.306
140  R_TPOJ2_ROI   0.525  0.620  0.545
141  R_TPOJ3_ROI   0.400  0.549  0.561
142  R_DVT_ROI     0.486  0.518  0.776
143  R_PGp_ROI     0.596  0.788  0.867
144  R_IP2_ROI     0.745  0.690  0.698
145  R_IP1_ROI     0.514  0.455  0.506
146  R_IP0_ROI     0.431  0.643  0.824
147  R_PFop_ROI    0.643  0.745  0.510
148  R_PF_ROI      1.000  0.969  0.847
149  R_PFm_ROI     0.671  0.482  0.529
150  R_PGi_ROI     0.239  0.247  0.220
151  R_PGs_ROI     0.412  0.322  0.322
152  R_V6A_ROI     0.204  0.400  0.702
153  R_VMV1_ROI    0.235  0.275  0.682
154  R_VMV3_ROI    0.200  0.259  0.643
155  R_PHA2_ROI    0.345  0.376  0.392
156  R_V4t_ROI     0.071  0.365  0.518
157  R_FST_ROI     0.294  0.627  0.576
158  R_V3CD_ROI    0.110  0.278  0.796
159  R_LO3_ROI     0.255  0.400  0.686
160  R_VMV2_ROI    0.267  0.290  0.690
161  R_31pd_ROI    0.392  0.173  0.322
162  R_31a_ROI     0.576  0.388  0.490
163  R_VVC_ROI     0.231  0.263  0.486
164  R_25_ROI      0.141  0.075  0.051
165  R_s32_ROI     0.129  0.039  0.027
166  R_pOFC_ROI    0.396  0.224  0.275
167  R_PoI1_ROI    0.714  0.443  0.416
168  R_Ig_ROI      0.416  0.502  0.157
169  R_FOP5_ROI    0.682  0.369  0.431
170  R_p10p_ROI    0.412  0.286  0.349
171  R_p47r_ROI    0.635  0.443  0.494
172  R_TGv_ROI     0.247  0.251  0.216
173  R_MBelt_ROI   0.741  0.039  0.090
174  R_LBelt_ROI   0.835  0.090  0.118
175  R_A4_ROI      0.608  0.137  0.035
176  R_STSva_ROI   0.169  0.141  0.110
177  R_TE1m_ROI    0.361  0.208  0.239
178  R_PI_ROI      0.498  0.208  0.220
179  R_a32pr_ROI   0.620  0.302  0.416
180  R_p24_ROI     0.494  0.149  0.294
181  L_V1_ROI      0.263  0.039  1.000
182  L_MST_ROI     0.192  0.357  0.498
183  L_V6_ROI      0.192  0.333  0.659
184  L_V2_ROI      0.051  0.200  0.929
185  L_V3_ROI      0.020  0.133  0.914
186  L_V4_ROI      0.035  0.078  0.835
187  L_V8_ROI      0.071  0.161  0.749
188  L_4_ROI       0.110  0.682  0.082
189  L_3b_ROI      0.114  0.800  0.075
190  L_FEF_ROI     0.518  0.561  0.537
191  L_PEF_ROI     0.541  0.612  0.580
192  L_55b_ROI     0.235  0.341  0.192
193  L_V3A_ROI     0.008  0.235  0.969
194  L_RSC_ROI     0.592  0.251  0.486
195  L_POS2_ROI    0.733  0.369  0.733
196  L_V7_ROI      0.035  0.286  0.737
197  L_IPS1_ROI    0.184  0.420  0.647
198  L_FFC_ROI     0.224  0.333  0.463
199  L_V3B_ROI     0.078  0.188  0.792
200  L_LO1_ROI     0.000  0.161  0.722
201  L_LO2_ROI     0.035  0.114  0.714
202  L_PIT_ROI     0.106  0.125  0.678
203  L_MT_ROI      0.094  0.318  0.380
204  L_A1_ROI      0.886  0.090  0.165
205  L_PSL_ROI     0.388  0.286  0.184
206  L_SFL_ROI     0.078  0.192  0.086
207  L_PCV_ROI     0.510  0.522  0.604
208  L_STV_ROI     0.522  0.325  0.290
209  L_7Pm_ROI     0.596  0.722  0.733
210  L_7m_ROI      0.133  0.141  0.145
211  L_POS1_ROI    0.310  0.224  0.345
212  L_23d_ROI     0.435  0.220  0.318
213  L_v23ab_ROI   0.075  0.000  0.031
214  L_d23ab_ROI   0.263  0.110  0.196
215  L_31pv_ROI    0.188  0.067  0.161
216  L_5m_ROI      0.149  0.651  0.192
217  L_5mv_ROI     0.565  0.675  0.518
218  L_23c_ROI     0.812  0.737  0.749
219  L_5L_ROI      0.208  0.620  0.259
220  L_24dd_ROI    0.231  0.627  0.149
221  L_24dv_ROI    0.467  0.608  0.263
222  L_7AL_ROI     0.412  0.773  0.533
223  L_SCEF_ROI    0.392  0.565  0.325
224  L_6ma_ROI     0.549  0.682  0.525
225  L_7Am_ROI     0.694  0.957  0.875
226  L_7PL_ROI     0.678  1.000  0.937
227  L_7PC_ROI     0.243  0.690  0.424
228  L_LIPv_ROI    0.247  0.439  0.643
229  L_VIP_ROI     0.180  0.557  0.545
230  L_MIP_ROI     0.510  0.800  0.784
231  L_1_ROI       0.043  0.761  0.137
232  L_2_ROI       0.173  0.690  0.247
233  L_3a_ROI      0.173  0.867  0.086
234  L_6d_ROI      0.086  0.631  0.137
235  L_6mp_ROI     0.243  0.631  0.165
236  L_6v_ROI      0.263  0.671  0.208
237  L_p24pr_ROI   0.522  0.514  0.388
238  L_33pr_ROI    0.506  0.439  0.396
239  L_a24pr_ROI   0.624  0.482  0.463
240  L_p32pr_ROI   0.592  0.541  0.455
241  L_a24_ROI     0.255  0.043  0.082
242  L_d32_ROI     0.357  0.161  0.184
243  L_8BM_ROI     0.424  0.318  0.322
244  L_p32_ROI     0.365  0.129  0.204
245  L_10r_ROI     0.078  0.020  0.000
246  L_47m_ROI     0.392  0.322  0.302
247  L_8Av_ROI     0.216  0.224  0.184
248  L_8Ad_ROI     0.243  0.243  0.184
249  L_9m_ROI      0.145  0.153  0.086
250  L_8BL_ROI     0.094  0.149  0.071
251  L_9p_ROI      0.145  0.161  0.110
252  L_10d_ROI     0.125  0.137  0.106
253  L_8C_ROI      0.388  0.310  0.325
254  L_44_ROI      0.282  0.325  0.220
255  L_45_ROI      0.180  0.251  0.161
256  L_47l_ROI     0.153  0.196  0.118
257  L_a47r_ROI    0.318  0.290  0.271
258  L_6r_ROI      0.675  0.804  0.576
259  L_IFJa_ROI    0.451  0.420  0.361
260  L_IFJp_ROI    0.502  0.553  0.478
261  L_IFSp_ROI    0.396  0.384  0.361
262  L_IFSa_ROI    0.729  0.741  0.686
263  L_p9-46v_ROI  0.549  0.565  0.533
264  L_46_ROI      0.792  0.827  0.769
265  L_a9-46v_ROI  0.549  0.431  0.510
266  L_9-46d_ROI   0.506  0.439  0.498
267  L_9a_ROI      0.184  0.212  0.184
268  L_10v_ROI     0.012  0.122  0.043
269  L_a10p_ROI    0.361  0.263  0.322
270  L_10pp_ROI    0.212  0.200  0.220
271  L_11l_ROI     0.506  0.416  0.467
272  L_13l_ROI     0.345  0.247  0.290
273  L_OFC_ROI     0.157  0.153  0.137
274  L_47s_ROI     0.243  0.149  0.137
275  L_LIPd_ROI    0.608  0.675  0.796
276  L_6a_ROI      0.478  0.753  0.533
277  L_i6-8_ROI    0.384  0.396  0.353
278  L_s6-8_ROI    0.365  0.353  0.298
279  L_43_ROI      0.525  0.537  0.239
280  L_OP4_ROI     0.384  0.592  0.165
281  L_OP1_ROI     0.369  0.600  0.149
282  L_OP2-3_ROI   0.525  0.467  0.196
283  L_52_ROI      0.816  0.298  0.239
284  L_RI_ROI      0.651  0.271  0.098
285  L_PFcm_ROI    0.698  0.569  0.353
286  L_PoI2_ROI    0.482  0.498  0.318
287  L_TA2_ROI     0.494  0.157  0.090
288  L_FOP4_ROI    0.663  0.541  0.478
289  L_MI_ROI      0.584  0.435  0.408
290  L_Pir_ROI     0.357  0.278  0.255
291  L_AVI_ROI     0.522  0.275  0.325
292  L_AAIC_ROI    0.333  0.133  0.157
293  L_FOP1_ROI    0.557  0.565  0.306
294  L_FOP3_ROI    0.678  0.522  0.392
295  L_FOP2_ROI    0.384  0.612  0.224
296  L_PFt_ROI     0.533  0.875  0.553
297  L_AIP_ROI     0.541  0.859  0.647
298  L_EC_ROI      0.184  0.196  0.153
299  L_PreS_ROI    0.376  0.239  0.349
300  L_H_ROI       0.247  0.224  0.176
301  L_ProS_ROI    0.361  0.278  0.690
302  L_PeEc_ROI    0.243  0.255  0.224
303  L_STGa_ROI    0.184  0.180  0.094
304  L_PBelt_ROI   0.737  0.102  0.031
305  L_A5_ROI      0.353  0.173  0.039
306  L_PHA1_ROI    0.278  0.208  0.329
307  L_PHA3_ROI    0.416  0.408  0.486
308  L_STSda_ROI   0.247  0.208  0.137
309  L_STSdp_ROI   0.224  0.227  0.137
310  L_STSvp_ROI   0.251  0.208  0.204
311  L_TGd_ROI     0.110  0.145  0.094
312  L_TE1a_ROI    0.012  0.059  0.004
313  L_TE1p_ROI    0.408  0.392  0.380
314  L_TE2a_ROI    0.267  0.251  0.235
315  L_TF_ROI      0.239  0.278  0.220
316  L_TE2p_ROI    0.447  0.553  0.502
317  L_PHT_ROI     0.914  0.984  0.894
318  L_PH_ROI      0.329  0.471  0.631
319  L_TPOJ1_ROI   0.463  0.361  0.271
320  L_TPOJ2_ROI   0.596  0.604  0.545
321  L_TPOJ3_ROI   0.463  0.533  0.573
322  L_DVT_ROI     0.447  0.478  0.757
323  L_PGp_ROI     0.635  0.737  0.902
324  L_IP2_ROI     0.722  0.651  0.706
325  L_IP1_ROI     0.478  0.482  0.533
326  L_IP0_ROI     0.447  0.604  0.808
327  L_PFop_ROI    0.690  0.792  0.549
328  L_PF_ROI      1.000  0.976  0.875
329  L_PFm_ROI     0.541  0.404  0.451
330  L_PGi_ROI     0.200  0.251  0.200
331  L_PGs_ROI     0.267  0.275  0.235
332  L_V6A_ROI     0.110  0.361  0.651
333  L_VMV1_ROI    0.239  0.247  0.694
334  L_VMV3_ROI    0.192  0.224  0.651
335  L_PHA2_ROI    0.357  0.333  0.353
336  L_V4t_ROI     0.043  0.298  0.506
337  L_FST_ROI     0.325  0.584  0.588
338  L_V3CD_ROI    0.059  0.184  0.706
339  L_LO3_ROI     0.208  0.353  0.667
340  L_VMV2_ROI    0.271  0.239  0.663
341  L_31pd_ROI    0.216  0.133  0.216
342  L_31a_ROI     0.569  0.396  0.490
343  L_VVC_ROI     0.200  0.224  0.486
344  L_25_ROI      0.118  0.094  0.039
345  L_s32_ROI     0.176  0.137  0.075
346  L_pOFC_ROI    0.322  0.227  0.259
347  L_PoI1_ROI    0.663  0.451  0.400
348  L_Ig_ROI      0.361  0.545  0.145
349  L_FOP5_ROI    0.596  0.380  0.400
350  L_p10p_ROI    0.365  0.251  0.329
351  L_p47r_ROI    0.525  0.463  0.455
352  L_TGv_ROI     0.149  0.208  0.161
353  L_MBelt_ROI   0.714  0.078  0.071
354  L_LBelt_ROI   0.902  0.078  0.106
355  L_A4_ROI      0.573  0.145  0.016
356  L_STSva_ROI   0.098  0.122  0.071
357  L_TE1m_ROI    0.263  0.188  0.192
358  L_PI_ROI      0.478  0.208  0.196
359  L_a32pr_ROI   0.502  0.259  0.337
360  L_p24_ROI     0.463  0.149  0.275
