1    R_V1_ROI      0.298  0.020  0.020
2    R_MST_ROI     0.204  0.424  0.424
3    R_V6_ROI      0.263  0.369  0.369
4    R_V2_ROI      0.102  0.212  0.212
5    R_V3_ROI      0.071  0.125  0.125
6    R_V4_ROI      0.078  0.141  0.141
7    R_V8_ROI      0.118  0.243  0.243
8    R_4_ROI       0.153  0.686  0.686
9    R_3b_ROI      0.157  0.761  0.761
10   R_FEF_ROI     0.537  0.565  0.565
11   R_PEF_ROI     0.651  0.702  0.702
12   R_55b_ROI     0.435  0.412  0.412
13   R_V3A_ROI     0.094  0.275  0.275
14   R_RSC_ROI     0.616  0.259  0.259
15   R_POS2_ROI    0.824  0.451  0.451
16   R_V7_ROI      0.102  0.361  0.361
17   R_IPS1_ROI    0.224  0.482  0.482
18   R_FFC_ROI     0.224  0.369  0.369
19   R_V3B_ROI     0.161  0.286  0.286
20   R_LO1_ROI     0.067  0.263  0.263
21   R_LO2_ROI     0.082  0.208  0.208
22   R_PIT_ROI     0.129  0.212  0.212
23   R_MT_ROI      0.133  0.365  0.365
24   R_A1_ROI      0.910  0.047  0.047
25   R_PSL_ROI     0.737  0.565  0.565
26   R_SFL_ROI     0.255  0.224  0.224
27   R_PCV_ROI     0.522  0.557  0.557
28   R_STV_ROI     0.565  0.439  0.439
29   R_7Pm_ROI     0.620  0.804  0.804
30   R_7m_ROI      0.192  0.180  0.180
31   R_POS1_ROI    0.369  0.322  0.322
32   R_23d_ROI     0.525  0.204  0.204
33   R_v23ab_ROI   0.114  0.024  0.024
34   R_d23ab_ROI   0.333  0.110  0.110
35   R_31pv_ROI    0.275  0.078  0.078
36   R_5m_ROI      0.188  0.671  0.671
37   R_5mv_ROI     0.553  0.620  0.620
38   R_23c_ROI     0.843  0.749  0.749
39   R_5L_ROI      0.259  0.627  0.627
40   R_24dd_ROI    0.282  0.627  0.627
41   R_24dv_ROI    0.467  0.604  0.604
42   R_7AL_ROI     0.471  0.749  0.749
43   R_SCEF_ROI    0.533  0.584  0.584
44   R_6ma_ROI     0.596  0.663  0.663
45   R_7Am_ROI     0.667  0.965  0.965
46   R_7PL_ROI     0.655  1.000  1.000
47   R_7PC_ROI     0.294  0.698  0.698
48   R_LIPv_ROI    0.255  0.506  0.506
49   R_VIP_ROI     0.235  0.588  0.588
50   R_MIP_ROI     0.506  0.792  0.792
51   R_1_ROI       0.110  0.761  0.761
52   R_2_ROI       0.227  0.702  0.702
53   R_3a_ROI      0.208  0.871  0.871
54   R_6d_ROI      0.145  0.635  0.635
55   R_6mp_ROI     0.302  0.624  0.624
56   R_6v_ROI      0.349  0.710  0.710
57   R_p24pr_ROI   0.596  0.565  0.565
58   R_33pr_ROI    0.475  0.365  0.365
59   R_a24pr_ROI   0.686  0.486  0.486
60   R_p32pr_ROI   0.671  0.561  0.561
61   R_a24_ROI     0.314  0.043  0.043
62   R_d32_ROI     0.455  0.161  0.161
63   R_8BM_ROI     0.522  0.314  0.314
64   R_p32_ROI     0.475  0.200  0.200
65   R_10r_ROI     0.106  0.000  0.000
66   R_47m_ROI     0.365  0.208  0.208
67   R_8Av_ROI     0.357  0.267  0.267
68   R_8Ad_ROI     0.251  0.235  0.235
69   R_9m_ROI      0.196  0.106  0.106
70   R_8BL_ROI     0.161  0.125  0.125
71   R_9p_ROI      0.259  0.200  0.200
72   R_10d_ROI     0.165  0.106  0.106
73   R_8C_ROI      0.482  0.329  0.329
74   R_44_ROI      0.529  0.369  0.369
75   R_45_ROI      0.325  0.243  0.243
76   R_47l_ROI     0.227  0.106  0.106
77   R_a47r_ROI    0.388  0.259  0.259
78   R_6r_ROI      0.729  0.784  0.784
79   R_IFJa_ROI    0.545  0.447  0.447
80   R_IFJp_ROI    0.514  0.545  0.545
81   R_IFSp_ROI    0.518  0.412  0.412
82   R_IFSa_ROI    0.827  0.776  0.776
83   R_p9-46v_ROI  0.600  0.533  0.533
84   R_46_ROI      0.769  0.780  0.780
85   R_a9-46v_ROI  0.690  0.471  0.471
86   R_9-46d_ROI   0.631  0.482  0.482
87   R_9a_ROI      0.278  0.224  0.224
88   R_10v_ROI     0.000  0.031  0.031
89   R_a10p_ROI    0.502  0.333  0.333
90   R_10pp_ROI    0.231  0.173  0.173
91   R_11l_ROI     0.494  0.369  0.369
92   R_13l_ROI     0.463  0.341  0.341
93   R_OFC_ROI     0.208  0.145  0.145
94   R_47s_ROI     0.271  0.125  0.125
95   R_LIPd_ROI    0.584  0.694  0.694
96   R_6a_ROI      0.502  0.773  0.773
97   R_i6-8_ROI    0.482  0.459  0.459
98   R_s6-8_ROI    0.408  0.349  0.349
99   R_43_ROI      0.588  0.533  0.533
100  R_OP4_ROI     0.396  0.616  0.616
101  R_OP1_ROI     0.365  0.561  0.561
102  R_OP2-3_ROI   0.569  0.463  0.463
103  R_52_ROI      0.792  0.267  0.267
104  R_RI_ROI      0.643  0.329  0.329
105  R_PFcm_ROI    0.675  0.573  0.573
106  R_PoI2_ROI    0.518  0.486  0.486
107  R_TA2_ROI     0.533  0.141  0.141
108  R_FOP4_ROI    0.780  0.580  0.580
109  R_MI_ROI      0.651  0.467  0.467
110  R_Pir_ROI     0.420  0.310  0.310
111  R_AVI_ROI     0.596  0.290  0.290
112  R_AAIC_ROI    0.380  0.157  0.157
113  R_FOP1_ROI    0.580  0.490  0.490
114  R_FOP3_ROI    0.725  0.522  0.522
115  R_FOP2_ROI    0.388  0.612  0.612
116  R_PFt_ROI     0.424  0.792  0.792
117  R_AIP_ROI     0.514  0.843  0.843
118  R_EC_ROI      0.220  0.196  0.196
119  R_PreS_ROI    0.404  0.267  0.267
120  R_H_ROI       0.259  0.247  0.247
121  R_ProS_ROI    0.388  0.325  0.325
122  R_PeEc_ROI    0.251  0.235  0.235
123  R_STGa_ROI    0.227  0.176  0.176
124  R_PBelt_ROI   0.773  0.086  0.086
125  R_A5_ROI      0.439  0.161  0.161
126  R_PHA1_ROI    0.290  0.239  0.239
127  R_PHA3_ROI    0.373  0.420  0.420
128  R_STSda_ROI   0.282  0.220  0.220
129  R_STSdp_ROI   0.376  0.255  0.255
130  R_STSvp_ROI   0.369  0.208  0.208
131  R_TGd_ROI     0.145  0.133  0.133
132  R_TE1a_ROI    0.035  0.027  0.027
133  R_TE1p_ROI    0.443  0.408  0.408
134  R_TE2a_ROI    0.282  0.224  0.224
135  R_TF_ROI      0.267  0.290  0.290
136  R_TE2p_ROI    0.427  0.545  0.545
137  R_PHT_ROI     0.812  0.965  0.965
138  R_PH_ROI      0.294  0.502  0.502
139  R_TPOJ1_ROI   0.490  0.369  0.369
140  R_TPOJ2_ROI   0.525  0.620  0.620
141  R_TPOJ3_ROI   0.400  0.549  0.549
142  R_DVT_ROI     0.486  0.518  0.518
143  R_PGp_ROI     0.596  0.788  0.788
144  R_IP2_ROI     0.745  0.690  0.690
145  R_IP1_ROI     0.514  0.455  0.455
146  R_IP0_ROI     0.431  0.643  0.643
147  R_PFop_ROI    0.643  0.745  0.745
148  R_PF_ROI      1.000  0.969  0.969
149  R_PFm_ROI     0.671  0.482  0.482
150  R_PGi_ROI     0.239  0.247  0.247
151  R_PGs_ROI     0.412  0.322  0.322
152  R_V6A_ROI     0.204  0.400  0.400
153  R_VMV1_ROI    0.235  0.275  0.275
154  R_VMV3_ROI    0.200  0.259  0.259
155  R_PHA2_ROI    0.345  0.376  0.376
156  R_V4t_ROI     0.071  0.365  0.365
157  R_FST_ROI     0.294  0.627  0.627
158  R_V3CD_ROI    0.110  0.278  0.278
159  R_LO3_ROI     0.255  0.400  0.400
160  R_VMV2_ROI    0.267  0.290  0.290
161  R_31pd_ROI    0.392  0.173  0.173
162  R_31a_ROI     0.576  0.388  0.388
163  R_VVC_ROI     0.231  0.263  0.263
164  R_25_ROI      0.141  0.075  0.075
165  R_s32_ROI     0.129  0.039  0.039
166  R_pOFC_ROI    0.396  0.224  0.224
167  R_PoI1_ROI    0.714  0.443  0.443
168  R_Ig_ROI      0.416  0.502  0.502
169  R_FOP5_ROI    0.682  0.369  0.369
170  R_p10p_ROI    0.412  0.286  0.286
171  R_p47r_ROI    0.635  0.443  0.443
172  R_TGv_ROI     0.247  0.251  0.251
173  R_MBelt_ROI   0.741  0.039  0.039
174  R_LBelt_ROI   0.835  0.090  0.090
175  R_A4_ROI      0.608  0.137  0.137
176  R_STSva_ROI   0.169  0.141  0.141
177  R_TE1m_ROI    0.361  0.208  0.208
178  R_PI_ROI      0.498  0.208  0.208
179  R_a32pr_ROI   0.620  0.302  0.302
180  R_p24_ROI     0.494  0.149  0.149
181  L_V1_ROI      0.263  0.039  0.039
182  L_MST_ROI     0.192  0.357  0.357
183  L_V6_ROI      0.192  0.333  0.333
184  L_V2_ROI      0.051  0.200  0.200
185  L_V3_ROI      0.020  0.133  0.133
186  L_V4_ROI      0.035  0.078  0.078
187  L_V8_ROI      0.071  0.161  0.161
188  L_4_ROI       0.110  0.682  0.682
189  L_3b_ROI      0.114  0.800  0.800
190  L_FEF_ROI     0.518  0.561  0.561
191  L_PEF_ROI     0.541  0.612  0.612
192  L_55b_ROI     0.235  0.341  0.341
193  L_V3A_ROI     0.008  0.235  0.235
194  L_RSC_ROI     0.592  0.251  0.251
195  L_POS2_ROI    0.733  0.369  0.369
196  L_V7_ROI      0.035  0.286  0.286
197  L_IPS1_ROI    0.184  0.420  0.420
198  L_FFC_ROI     0.224  0.333  0.333
199  L_V3B_ROI     0.078  0.188  0.188
200  L_LO1_ROI     0.000  0.161  0.161
201  L_LO2_ROI     0.035  0.114  0.114
202  L_PIT_ROI     0.106  0.125  0.125
203  L_MT_ROI      0.094  0.318  0.318
204  L_A1_ROI      0.886  0.090  0.090
205  L_PSL_ROI     0.388  0.286  0.286
206  L_SFL_ROI     0.078  0.192  0.192
207  L_PCV_ROI     0.510  0.522  0.522
208  L_STV_ROI     0.522  0.325  0.325
209  L_7Pm_ROI     0.596  0.722  0.722
210  L_7m_ROI      0.133  0.141  0.141
211  L_POS1_ROI    0.310  0.224  0.224
212  L_23d_ROI     0.435  0.220  0.220
213  L_v23ab_ROI   0.075  0.000  0.000
214  L_d23ab_ROI   0.263  0.110  0.110
215  L_31pv_ROI    0.188  0.067  0.067
216  L_5m_ROI      0.149  0.651  0.651
217  L_5mv_ROI     0.565  0.675  0.675
218  L_23c_ROI     0.812  0.737  0.737
219  L_5L_ROI      0.208  0.620  0.620
220  L_24dd_ROI    0.231  0.627  0.627
221  L_24dv_ROI    0.467  0.608  0.608
222  L_7AL_ROI     0.412  0.773  0.773
223  L_SCEF_ROI    0.392  0.565  0.565
224  L_6ma_ROI     0.549  0.682  0.682
225  L_7Am_ROI     0.694  0.957  0.957
226  L_7PL_ROI     0.678  1.000  1.000
227  L_7PC_ROI     0.243  0.690  0.690
228  L_LIPv_ROI    0.247  0.439  0.439
229  L_VIP_ROI     0.180  0.557  0.557
230  L_MIP_ROI     0.510  0.800  0.800
231  L_1_ROI       0.043  0.761  0.761
232  L_2_ROI       0.173  0.690  0.690
233  L_3a_ROI      0.173  0.867  0.867
234  L_6d_ROI      0.086  0.631  0.631
235  L_6mp_ROI     0.243  0.631  0.631
236  L_6v_ROI      0.263  0.671  0.671
237  L_p24pr_ROI   0.522  0.514  0.514
238  L_33pr_ROI    0.506  0.439  0.439
239  L_a24pr_ROI   0.624  0.482  0.482
240  L_p32pr_ROI   0.592  0.541  0.541
241  L_a24_ROI     0.255  0.043  0.043
242  L_d32_ROI     0.357  0.161  0.161
243  L_8BM_ROI     0.424  0.318  0.318
244  L_p32_ROI     0.365  0.129  0.129
245  L_10r_ROI     0.078  0.020  0.020
246  L_47m_ROI     0.392  0.322  0.322
247  L_8Av_ROI     0.216  0.224  0.224
248  L_8Ad_ROI     0.243  0.243  0.243
249  L_9m_ROI      0.145  0.153  0.153
250  L_8BL_ROI     0.094  0.149  0.149
251  L_9p_ROI      0.145  0.161  0.161
252  L_10d_ROI     0.125  0.137  0.137
253  L_8C_ROI      0.388  0.310  0.310
254  L_44_ROI      0.282  0.325  0.325
255  L_45_ROI      0.180  0.251  0.251
256  L_47l_ROI     0.153  0.196  0.196
257  L_a47r_ROI    0.318  0.290  0.290
258  L_6r_ROI      0.675  0.804  0.804
259  L_IFJa_ROI    0.451  0.420  0.420
260  L_IFJp_ROI    0.502  0.553  0.553
261  L_IFSp_ROI    0.396  0.384  0.384
262  L_IFSa_ROI    0.729  0.741  0.741
263  L_p9-46v_ROI  0.549  0.565  0.565
264  L_46_ROI      0.792  0.827  0.827
265  L_a9-46v_ROI  0.549  0.431  0.431
266  L_9-46d_ROI   0.506  0.439  0.439
267  L_9a_ROI      0.184  0.212  0.212
268  L_10v_ROI     0.012  0.122  0.122
269  L_a10p_ROI    0.361  0.263  0.263
270  L_10pp_ROI    0.212  0.200  0.200
271  L_11l_ROI     0.506  0.416  0.416
272  L_13l_ROI     0.345  0.247  0.247
273  L_OFC_ROI     0.157  0.153  0.153
274  L_47s_ROI     0.243  0.149  0.149
275  L_LIPd_ROI    0.608  0.675  0.675
276  L_6a_ROI      0.478  0.753  0.753
277  L_i6-8_ROI    0.384  0.396  0.396
278  L_s6-8_ROI    0.365  0.353  0.353
279  L_43_ROI      0.525  0.537  0.537
280  L_OP4_ROI     0.384  0.592  0.592
281  L_OP1_ROI     0.369  0.600  0.600
282  L_OP2-3_ROI   0.525  0.467  0.467
283  L_52_ROI      0.816  0.298  0.298
284  L_RI_ROI      0.651  0.271  0.271
285  L_PFcm_ROI    0.698  0.569  0.569
286  L_PoI2_ROI    0.482  0.498  0.498
287  L_TA2_ROI     0.494  0.157  0.157
288  L_FOP4_ROI    0.663  0.541  0.541
289  L_MI_ROI      0.584  0.435  0.435
290  L_Pir_ROI     0.357  0.278  0.278
291  L_AVI_ROI     0.522  0.275  0.275
292  L_AAIC_ROI    0.333  0.133  0.133
293  L_FOP1_ROI    0.557  0.565  0.565
294  L_FOP3_ROI    0.678  0.522  0.522
295  L_FOP2_ROI    0.384  0.612  0.612
296  L_PFt_ROI     0.533  0.875  0.875
297  L_AIP_ROI     0.541  0.859  0.859
298  L_EC_ROI      0.184  0.196  0.196
299  L_PreS_ROI    0.376  0.239  0.239
300  L_H_ROI       0.247  0.224  0.224
301  L_ProS_ROI    0.361  0.278  0.278
302  L_PeEc_ROI    0.243  0.255  0.255
303  L_STGa_ROI    0.184  0.180  0.180
304  L_PBelt_ROI   0.737  0.102  0.102
305  L_A5_ROI      0.353  0.173  0.173
306  L_PHA1_ROI    0.278  0.208  0.208
307  L_PHA3_ROI    0.416  0.408  0.408
308  L_STSda_ROI   0.247  0.208  0.208
309  L_STSdp_ROI   0.224  0.227  0.227
310  L_STSvp_ROI   0.251  0.208  0.208
311  L_TGd_ROI     0.110  0.145  0.145
312  L_TE1a_ROI    0.012  0.059  0.059
313  L_TE1p_ROI    0.408  0.392  0.392
314  L_TE2a_ROI    0.267  0.251  0.251
315  L_TF_ROI      0.239  0.278  0.278
316  L_TE2p_ROI    0.447  0.553  0.553
317  L_PHT_ROI     0.914  0.984  0.984
318  L_PH_ROI      0.329  0.471  0.471
319  L_TPOJ1_ROI   0.463  0.361  0.361
320  L_TPOJ2_ROI   0.596  0.604  0.604
321  L_TPOJ3_ROI   0.463  0.533  0.533
322  L_DVT_ROI     0.447  0.478  0.478
323  L_PGp_ROI     0.635  0.737  0.737
324  L_IP2_ROI     0.722  0.651  0.651
325  L_IP1_ROI     0.478  0.482  0.482
326  L_IP0_ROI     0.447  0.604  0.604
327  L_PFop_ROI    0.690  0.792  0.792
328  L_PF_ROI      1.000  0.976  0.976
329  L_PFm_ROI     0.541  0.404  0.404
330  L_PGi_ROI     0.200  0.251  0.251
331  L_PGs_ROI     0.267  0.275  0.275
332  L_V6A_ROI     0.110  0.361  0.361
333  L_VMV1_ROI    0.239  0.247  0.247
334  L_VMV3_ROI    0.192  0.224  0.224
335  L_PHA2_ROI    0.357  0.333  0.333
336  L_V4t_ROI     0.043  0.298  0.298
337  L_FST_ROI     0.325  0.584  0.584
338  L_V3CD_ROI    0.059  0.184  0.184
339  L_LO3_ROI     0.208  0.353  0.353
340  L_VMV2_ROI    0.271  0.239  0.239
341  L_31pd_ROI    0.216  0.133  0.133
342  L_31a_ROI     0.569  0.396  0.396
343  L_VVC_ROI     0.200  0.224  0.224
344  L_25_ROI      0.118  0.094  0.094
345  L_s32_ROI     0.176  0.137  0.137
346  L_pOFC_ROI    0.322  0.227  0.227
347  L_PoI1_ROI    0.663  0.451  0.451
348  L_Ig_ROI      0.361  0.545  0.545
349  L_FOP5_ROI    0.596  0.380  0.380
350  L_p10p_ROI    0.365  0.251  0.251
351  L_p47r_ROI    0.525  0.463  0.463
352  L_TGv_ROI     0.149  0.208  0.208
353  L_MBelt_ROI   0.714  0.078  0.078
354  L_LBelt_ROI   0.902  0.078  0.078
355  L_A4_ROI      0.573  0.145  0.145
356  L_STSva_ROI   0.098  0.122  0.122
357  L_TE1m_ROI    0.263  0.188  0.188
358  L_PI_ROI      0.478  0.208  0.208
359  L_a32pr_ROI   0.502  0.259  0.259
360  L_p24_ROI     0.463  0.149  0.149
